
*****************************************************  DRIFTS Coefficients *****************************************************

Id = 0.999314128944
GarageYrBlt = 0.058603155187
Exterior1st = 0.0517282200224
TotalBsmtSF = 0.0477973847578
2ndFlrSF = 0.0424665848615
Exterior2nd = 0.0421458561625
BsmtFullBath = 0.0403778121164
GrLivArea = 0.0394372742668
TotRmsAbvGrd = 0.0389398652352
WoodDeckSF = 0.0373078537835
YearBuilt = 0.0360085625126
FireplaceQu = 0.0343573237618
BsmtQual = 0.0327995894813
HeatingQC = 0.0327873367276
MSZoning = 0.0310429307145
Fence = 0.0307169997434
1stFlrSF = 0.0298510994401
GarageCars = 0.0290005691353
ScreenPorch = 0.0284368523705
LotFrontage = 0.0276935748464
KitchenQual = 0.0274078372834
BsmtFinType1 = 0.0273872148178
LotArea = 0.0271102240735
LandContour = 0.0268724498635
Fireplaces = 0.0268478529752
BsmtExposure = 0.0266265131572
MSSubClass = 0.0264462342217
MasVnrType = 0.0245836161634
HouseStyle = 0.0244825502511
YrSold = 0.0235571430079
ExterQual = 0.0233222672434
OverallQual = 0.0230031280559
GarageCond = 0.0202639078408
MoSold = 0.018921568476
PavedDrive = 0.0174828403531
GarageFinish = 0.0170949184278
YearRemodAdd = 0.0167103325464
HalfBath = 0.0164131260456
BsmtUnfSF = 0.0162367404483
RoofStyle = 0.015904343318
GarageArea = 0.0134877643641
Foundation = 0.013450244167
LotShape = 0.0133328995961
Neighborhood = 0.0117180226939
BedroomAbvGr = 0.0111560949341
OverallCond = 0.0110920961759
SaleType = 0.0108962503227
BsmtCond = 0.0107929886963
LandSlope = 0.0105151806728
Alley = 0.010038233225
GarageQual = 0.00977676306443
3SsnPorch = 0.00954775626596
LowQualFinSF = 0.0095420855062
Condition1 = 0.0093148097953
LotConfig = 0.00894412152261
BsmtFinSF1 = 0.00839380942489
Heating = 0.00823608224893
BsmtHalfBath = 0.00758685233192
BldgType = 0.00715908579013
GarageType = 0.00696656568441
Electrical = 0.0069383470263
MiscVal = 0.00675747347189
EnclosedPorch = 0.00606977351197
BsmtFinType2 = 0.00589201076698
KitchenAbvGr = 0.00554141469368
MasVnrArea = 0.00551945240487
MiscFeature = 0.0047456961559
SaleCondition = 0.00473275482832
CentralAir = 0.00415468741192
OpenPorchSF = 0.00365801843628
Functional = 0.00310831897625
BsmtFinSF2 = 0.00287678826495
PoolQC = 0.00274160512618
FullBath = 0.00242461660593
ExterCond = 0.00232125587637
RoofMatl = 0.0020773089555
PoolArea = 0.00205009806064
Utilities = 0.00137080256309
Condition2 = 0.00134919936234
Street = 0.0
